144 0.492 0.433 0.164 0.185
150 0.504 0.670 0.156 0.172
143 0.532 0.175 0.156 0.206
139 0.564 0.853 0.106 0.112
151 0.637 0.448 0.087 0.175
150 0.666 0.675 0.144 0.169
146 0.657 0.816 0.077 0.098
143 0.698 0.187 0.140 0.186
151 0.726 0.448 0.080 0.168
147 0.163 0.161 0.186 0.205
148 0.157 0.667 0.170 0.185
150 0.803 0.650 0.133 0.157
144 0.156 0.416 0.164 0.185
146 0.794 0.839 0.083 0.136
151 0.820 0.449 0.088 0.172
143 0.857 0.193 0.137 0.191
146 0.885 0.843 0.099 0.127
151 0.918 0.452 0.085 0.167
152 0.954 0.647 0.123 0.154
139 0.219 0.860 0.115 0.104
144 0.318 0.428 0.178 0.195
139 0.087 0.897 0.125 0.133
148 0.332 0.668 0.172 0.174
147 0.342 0.161 0.182 0.215
139 0.335 0.853 0.106 0.118
139 0.452 0.891 0.118 0.138
