173 0.108 0.707 0.303 0.119
205 0.077 0.380 0.279 0.147
173 0.091 0.819 0.312 0.122
173 0.063 0.926 0.324 0.120
205 0.055 0.525 0.350 0.150
195 0.064 0.113 0.168 0.165
190 0.633 0.085 0.214 0.210
201 0.770 0.312 0.355 0.106
201 0.776 0.534 0.353 0.111
201 0.783 0.424 0.362 0.106
172 0.797 0.932 0.359 0.114
172 0.814 0.819 0.375 0.125
172 0.823 0.701 0.361 0.120
190 0.829 0.077 0.212 0.205
197 0.234 0.103 0.193 0.189
201 0.422 0.533 0.328 0.103
172 0.439 0.929 0.346 0.113
201 0.424 0.394 0.292 0.108
172 0.441 0.732 0.286 0.118
197 0.435 0.102 0.179 0.182
