193 0.015 0.860 0.131 0.302
192 0.398 0.429 0.108 0.204
192 0.414 0.220 0.114 0.214
195 0.420 0.858 0.105 0.256
204 0.519 0.287 0.103 0.192
204 0.526 0.465 0.104 0.180
197 0.541 0.866 0.131 0.288
204 0.622 0.273 0.120 0.193
204 0.627 0.459 0.108 0.176
197 0.668 0.870 0.138 0.279
194 0.751 0.204 0.135 0.205
194 0.778 0.427 0.143 0.231
190 0.809 0.868 0.153 0.290
194 0.843 0.225 0.107 0.166
194 0.900 0.411 0.158 0.214
190 0.940 0.866 0.143 0.290
193 0.172 0.857 0.135 0.251
191 0.175 0.441 0.097 0.210
192 0.290 0.438 0.104 0.224
192 0.301 0.236 0.095 0.201
195 0.313 0.861 0.108 0.259
