183 0.027 0.826 0.181 0.160
184 0.100 0.261 0.211 0.156
183 0.044 0.662 0.141 0.180
184 0.073 0.418 0.204 0.161
185 0.415 0.832 0.185 0.161
185 0.416 0.644 0.164 0.135
174 0.473 0.417 0.177 0.147
174 0.471 0.284 0.171 0.125
173 0.639 0.864 0.212 0.132
173 0.662 0.622 0.208 0.126
173 0.661 0.743 0.195 0.115
205 0.661 0.420 0.183 0.142
205 0.664 0.265 0.186 0.160
173 0.856 0.868 0.222 0.124
205 0.854 0.423 0.191 0.147
205 0.854 0.264 0.192 0.157
173 0.874 0.747 0.211 0.115
173 0.872 0.620 0.200 0.119
185 0.219 0.669 0.192 0.164
185 0.223 0.832 0.186 0.161
174 0.293 0.415 0.188 0.161
