171 0.063 0.945 0.195 0.154
182 0.460 0.930 0.207 0.167
188 0.539 0.457 0.115 0.215
188 0.541 0.246 0.109 0.212
182 0.671 0.769 0.204 0.179
182 0.670 0.936 0.201 0.161
188 0.654 0.241 0.114 0.207
188 0.659 0.457 0.124 0.215
189 0.773 0.244 0.120 0.205
189 0.788 0.460 0.131 0.230
175 0.172 0.501 0.192 0.116
196 0.845 0.890 0.146 0.263
189 0.891 0.250 0.120 0.203
189 0.915 0.458 0.131 0.214
175 0.188 0.366 0.193 0.132
175 0.197 0.232 0.184 0.116
175 0.201 0.236 0.186 0.136
182 0.261 0.949 0.174 0.154
182 0.273 0.770 0.187 0.165
175 0.375 0.498 0.199 0.121
175 0.384 0.368 0.192 0.134
175 0.386 0.234 0.184 0.125
