28 0.461 0.312 0.178 0.139
28 0.464 0.467 0.155 0.107
27 0.477 0.807 0.163 0.104
27 0.482 0.922 0.156 0.123
27 0.140 0.821 0.174 0.099
28 0.074 0.321 0.137 0.172
23 0.651 0.291 0.161 0.144
23 0.651 0.448 0.158 0.144
29 0.651 0.678 0.147 0.139
29 0.654 0.929 0.149 0.108
29 0.663 0.823 0.149 0.136
29 0.824 0.807 0.179 0.132
29 0.843 0.675 0.177 0.153
23 0.841 0.449 0.159 0.146
23 0.859 0.281 0.187 0.188
27 0.162 0.918 0.161 0.089
28 0.091 0.474 0.160 0.151
28 0.256 0.323 0.200 0.159
28 0.280 0.471 0.202 0.139
27 0.305 0.844 0.158 0.101
27 0.316 0.931 0.152 0.085
28 0.115 0.127 0.212 0.152
28 0.348 0.087 0.128 0.098
28 0.471 0.084 0.126 0.109
23 0.652 0.107 0.191 0.176
23 0.790 0.085 0.116 0.140
