147 0.022 0.096 0.115 0.247
144 0.016 0.465 0.117 0.268
148 0.029 0.807 0.115 0.251
144 0.427 0.485 0.133 0.256
150 0.437 0.818 0.126 0.246
143 0.459 0.136 0.124 0.270
151 0.540 0.501 0.067 0.236
150 0.567 0.822 0.121 0.240
143 0.591 0.151 0.117 0.266
151 0.613 0.501 0.066 0.231
150 0.684 0.791 0.110 0.231
151 0.688 0.506 0.073 0.233
143 0.711 0.160 0.115 0.248
151 0.765 0.512 0.073 0.230
152 0.811 0.797 0.115 0.230
156 0.835 0.577 0.051 0.106
156 0.839 0.469 0.050 0.110
145 0.886 0.151 0.128 0.281
156 0.893 0.578 0.051 0.106
156 0.897 0.471 0.050 0.112
148 0.157 0.810 0.139 0.257
152 0.956 0.824 0.114 0.241
156 0.946 0.472 0.046 0.111
156 0.950 0.578 0.050 0.099
144 0.164 0.462 0.122 0.250
147 0.169 0.116 0.123 0.255
144 0.288 0.476 0.138 0.266
147 0.304 0.126 0.143 0.256
148 0.298 0.814 0.132 0.248
