199 0.003 0.853 0.193 0.192
199 0.060 0.646 0.162 0.158
183 0.419 0.867 0.210 0.158
183 0.415 0.667 0.174 0.137
184 0.477 0.414 0.176 0.152
184 0.487 0.271 0.177 0.148
183 0.604 0.688 0.200 0.188
183 0.617 0.862 0.187 0.166
184 0.688 0.433 0.195 0.169
184 0.698 0.261 0.170 0.172
185 0.820 0.699 0.186 0.178
185 0.827 0.874 0.189 0.176
174 0.893 0.444 0.190 0.183
183 0.248 0.797 0.183 0.145
183 0.251 0.648 0.183 0.124
176 0.110 0.414 0.182 0.154
176 0.113 0.264 0.186 0.156
184 0.298 0.426 0.191 0.171
184 0.295 0.265 0.180 0.156
