87 0.149 0.554 0.310 0.123
87 0.150 0.733 0.327 0.122
67 0.076 0.036 0.191 0.184
87 0.148 0.388 0.303 0.101
87 0.133 0.909 0.271 0.129
67 0.679 0.063 0.186 0.162
75 0.780 0.404 0.301 0.122
75 0.806 0.918 0.319 0.130
75 0.810 0.248 0.310 0.116
75 0.817 0.735 0.313 0.122
75 0.818 0.570 0.312 0.133
67 0.866 0.072 0.189 0.166
87 0.167 0.215 0.306 0.105
67 0.294 0.038 0.223 0.166
80 0.465 0.913 0.339 0.142
80 0.483 0.561 0.306 0.133
80 0.493 0.732 0.316 0.129
80 0.498 0.235 0.304 0.128
67 0.484 0.056 0.199 0.153
