125 0.338 0.727 0.054 0.326
132 0.365 0.294 0.070 0.336
132 0.444 0.290 0.068 0.317
131 0.487 0.777 0.095 0.461
132 0.524 0.286 0.075 0.326
131 0.598 0.772 0.107 0.464
132 0.609 0.253 0.085 0.399
130 0.707 0.727 0.087 0.332
130 0.797 0.736 0.103 0.352
122 0.914 0.722 0.090 0.324
126 0.155 0.242 0.097 0.388
126 0.062 0.246 0.093 0.382
125 0.189 0.733 0.066 0.337
132 0.264 0.261 0.077 0.376
125 0.286 0.721 0.056 0.310
123 0.705 0.357 0.060 0.182
123 0.780 0.336 0.073 0.221
127 0.854 0.333 0.074 0.221
127 0.963 0.249 0.069 0.394
